graph=SNAP__p2p-Gnutella31 n=62561 m=295756
--- calibration (cold solve, peak V/C) ---
  mult=1.0e-03  mean V/C=0.002  max V/C=0.16
  mult=1.0e-02  mean V/C=0.015  max V/C=1.48
  mult=1.0e-01  mean V/C=0.162  max V/C=10.53
  mult=1.0e+00  mean V/C=2.118  max V/C=105.26
chosen demand multiplier = 1.0e-01

cold equilibrium: 141.1s steps=479 setups=338  TSTT0=6.8884e+08
step  t_adj    t_solve   trials TSTT        red%     elapsed 
1     0.41     11.7      1      6.8741e+08  0.209    786     
2     0.11     8.8       1      6.8667e+08  0.316    795     
3     0.21     10.8      1      6.8623e+08  0.380    806     
4     0.19     9.7       1      6.8598e+08  0.417    816     
5     0.11     9.6       1      6.8594e+08  0.421    826     
6     0.11     10.3      1      6.8576e+08  0.448    836     
7     0.12     9.0       1      6.8566e+08  0.462    845     
8     0.12     20.9      2      6.8543e+08  0.496    867     
9     0.12     18.5      2      6.8534e+08  0.508    885     
10    0.20     17.4      2      6.8529e+08  0.517    903     
11    0.24     18.3      2      6.8528e+08  0.518    922     
12    0.12     18.8      2      6.8523e+08  0.524    941     
13    0.11     19.3      2      6.8513e+08  0.540    960     
14    0.11     28.7      3      6.8507e+08  0.548    989     
15    0.11     34.0      4      6.8504e+08  0.552    1023    
16    0.24     35.6      4      6.8503e+08  0.554    1059    
17    0.11     24.8      3      6.8503e+08  0.554    1084    
18    0.13     27.1      3      6.8502e+08  0.555    1111    
19    0.11     33.9      4      6.8501e+08  0.557    1145    
20    0.12     28.2      3      6.8500e+08  0.558    1174    

DESIGN-AT-SCALE: SNAP__p2p-Gnutella31  n=62561 m=295756  mult=1.0e-01
  TSTT 6.8884e+08 -> 6.8500e+08   reduction=0.56%   accepted steps=20   total=1174s
DONE
